Using a Multinomial Naive Bayes Classifier (naive bayes.MultinomialNB.html) with the default parameters.

For emotions : 

                precision    recall  f1-score   support

    admiration       0.48      0.44      0.46      2127
     amusement       0.52      0.29      0.37      1307
         anger       0.36      0.11      0.17      1035
     annoyance       0.18      0.07      0.10      1599
      approval       0.24      0.09      0.13      2214
        caring       0.29      0.06      0.10       723
     confusion       0.33      0.05      0.09      1022
     curiosity       0.38      0.10      0.16      1174
        desire       0.40      0.04      0.07       396
disappointment       0.27      0.04      0.07       895
   disapproval       0.24      0.08      0.12      1511
       disgust       0.46      0.08      0.13       583
 embarrassment       0.11      0.00      0.01       264
    excitement       0.30      0.04      0.07       593
          fear       0.58      0.03      0.06       366
     gratitude       0.73      0.66      0.70      1440
         grief       1.00      0.00      0.00        64
           joy       0.35      0.11      0.17       868
          love       0.66      0.37      0.47      1009
   nervousness       0.00      0.00      0.00       162
       neutral       0.37      0.84      0.51     11108
      optimism       0.42      0.13      0.19       911
         pride       0.00      0.00      0.00       156
   realization       0.26      0.04      0.07       928
        relief       0.00      0.00      0.00       143
       remorse       0.58      0.09      0.15       284
       sadness       0.43      0.08      0.14       779
      surprise       0.31      0.06      0.10       703

      accuracy                           0.39     34364
     macro avg       0.37      0.14      0.16     34364
  weighted avg       0.37      0.39      0.31     34364

Confusion Matrix: 
 [[ 939   15    1   10   44    1    0   12    0    3    6    1    0    3
     0   42    0   15   34    0  974   11    0    2    0    0    1   13]
 [  37  377    4   12   12    0    1    1    0    0    5    0    0    4
     0    9    0   13    6    0  815    2    0    2    0    0    0    7]
 [  17   12  119   64    3    3    1    7    1    6   20    6    0    1
     0    2    0    1    3    0  761    1    0    2    0    1    3    1]
 [  29   21   52  107   25    6    3    9    0    5   36    6    0    0
     1   14    0    1    2    0 1262    6    0    3    0    0    9    2]
 [ 105   18    5   27  189   13    8    4    3    3   31    2    0    3
     0   11    0    7   11    0 1743   20    0    8    0    0    1    2]
 [  16    0    0    6   17   45    2    2    0    1    3    0    0    0
     0   22    0    5    5    0  586   12    0    0    0    0    1    0]
 [  13    7    1    7   20    0   56   30    0    2   18    1    0    0
     0    7    0    3    1    0  851    2    0    2    0    0    0    1]
 [  17    6    2    7   16    1   15  118    1    1    4    0    0    0
     0    7    0    1    1    0  968    2    0    2    0    0    2    3]
 [  13    5    1    4    8    3    1    1   16    0    2    0    0    1
     0    3    0    3    3    0  317   15    0    0    0    0    0    0]
 [  20    5    6   26   17    3    4    2    1   34   22    5    0    1
     1    3    0    2    0    1  730    2    0    4    0    2    4    0]
 [  18   18    7   24   39    2    9    5    0    6  123    5    2    0
     1    8    0    1    1    0 1228    3    0    4    1    0    5    1]
 [  11    2   27   34    6    0    1    2    0    2   15   45    1    0
     0    1    0    1    3    0  425    3    0    1    0    1    1    1]
 [   5    2    2   10    4    0    1    0    0    1    3    1    1    0
     0    2    0    2    2    0  221    1    0    3    0    1    2    0]
 [  58    4    3    8   15    1    0    5    0    0    3    2    0   24
     0   14    0   43    9    0  395    2    0    2    1    0    1    3]
 [  12    5    0    7    5    1    0    2    0    5    6    4    0    0
    11    0    0    0    0    0  298    1    0    2    0    0    3    4]
 [  78    7    0    2    8    6    0    1    1    1    2    0    0    0
     0  957    0   14    2    0  346   12    0    0    0    1    1    1]
 [   0    0    0    3    0    2    0    0    0    0    0    0    0    0
     0    1    0    0    0    0   55    1    0    0    0    0    2    0]
 [  70   53    1    6   17    1    1    0    1    1    1    0    0    7
     0   26    0   98   20    0  559    3    0    3    0    0    0    0]
 [  72    8    0    2    9    0    1    4    0    1    2    0    0    0
     0    8    0    4  371    0  524    2    0    0    0    0    1    0]
 [   1    0    1    2    6    0    0    1    0    3    2    0    0    0
     0    0    0    0    0    0  143    0    0    0    0    0    2    1]
 [ 315  129   83  157  262   41   46   84   14   32  164   19    1   35
     4   86    0   42   77    0 9338   52    1   51    0    3   31   41]
 [  44    7    0    4   18   13    3    2    1    1    5    0    0    1
     0   26    0   10    3    0  655  115    0    1    0    0    1    1]
 [  16    2    0    2    3    0    0    0    0    0    3    0    0    0
     0    3    0    2    0    0  123    0    0    2    0    0    0    0]
 [  12    4    3   20   26    0    6    2    0    4   12    1    2    0
     0    3    0    2    3    0  775    2    0   37    0    1    1   12]
 [   8    0    1    2    1    2    1    0    0    1    0    0    0    0
     0    9    0    3    1    0  112    1    0    1    0    0    0    0]
 [   2    1    1    4    5    3    0    0    0    1    3    0    2    0
     0   20    0    1    1    0  202    0    0    0    0   25   13    0]
 [   2    5    4   12   12    5    2    0    1   10    7    0    0    1
     1   15    0    2    2    0  619    3    0    4    0    8   64    0]
 [  38   11    8   18    7    2    6   14    0    2    7    0    0    0
     0    5    0    1    3    0  532    0    0    5    1    0    0   43]]
For sentiments : 

              precision    recall  f1-score   support

   ambiguous       0.42      0.24      0.31      3827
    negative       0.53      0.52      0.52      7542
     neutral       0.49      0.49      0.49     11108
    positive       0.62      0.71      0.66     11887

    accuracy                           0.54     34364
   macro avg       0.51      0.49      0.49     34364
weighted avg       0.53      0.54      0.54     34364

Confusion Matrix: 
 [[ 916  631 1402  878]
 [ 272 3921 2077 1272]
 [ 686 1964 5421 3037]
 [ 300  941 2187 8459]]


Using a Decision Tree (tree.DecisionTreeClassifier) with the default parameters.
For emotions : 
                precision    recall  f1-score   support
    admiration       0.42      0.58      0.49      2076
     amusement       0.42      0.59      0.49      1246
         anger       0.24      0.39      0.30      1011
     annoyance       0.16      0.22      0.18      1726
      approval       0.20      0.26      0.23      2249
        caring       0.20      0.25      0.22       685
     confusion       0.22      0.28      0.24       978
     curiosity       0.34      0.36      0.35      1203
        desire       0.22      0.27      0.24       399
disappointment       0.15      0.16      0.15       930
   disapproval       0.23      0.24      0.23      1492
       disgust       0.24      0.20      0.22       596
 embarrassment       0.20      0.15      0.17       289
    excitement       0.24      0.22      0.23       620
          fear       0.33      0.30      0.31       345
     gratitude       0.76      0.74      0.75      1346
         grief       0.06      0.07      0.06        59
           joy       0.31      0.24      0.27       884
          love       0.57      0.52      0.55       987
   nervousness       0.17      0.11      0.13       169
       neutral       0.51      0.43      0.46     11171
      optimism       0.38      0.22      0.28       884
         pride       0.09      0.04      0.06       144
   realization       0.19      0.08      0.11       938
        relief       0.22      0.14      0.18       153
       remorse       0.44      0.27      0.33       319
       sadness       0.34      0.20      0.25       771
      surprise       0.36      0.23      0.28       694
      accuracy                           0.36     34364
     macro avg       0.29      0.28      0.28     34364
  weighted avg       0.38      0.36      0.36     34364
Confusion Matrix: 
 [[1206   49   15   31  118   21   10   18   11   22   21    7    2   32
     7   53    1   43   76    5  248   22   14   12    5    1    3   23]
 [  55  738   28   40   30    7   14   10    7    8   24    8    4   13
     1   10    0   61    7    0  154    3    0   11    2    2    0    9]
 [  19   26  395  155   38   12   17   17    4   23   45   33    5    2
     8    2    1    3    0    1  186    2    0    5    1    0    6    5]
 [  48   69  214  379  122   31   46   52   13   77  116   61   13   10
     7   14    2    9    8    4  364   10    0   13    3    4   22   15]
 [ 193   70   62  150  594   62   42   23   33   36   70   18    7   18
     9   18    2   32   31    3  659   38    5   28   14    1   15   16]
 [  36   12   21   44   75  171    6    6   10   14   13    4    2    3
     5   11    2    8   11    3  178   28    1    2    7    6    5    1]
 [  19   23   31   62   66   15  271  129    0   13   25    3    2    9
     6    3    1    3    9    4  259    3    0   14    0    4    1    3]
 [  41   17   27   61   52   13  178  438    4   17   22    6    7   22
     2    8    0    4    4    1  245    7    1    6    1    0    1   18]
 [  17   14    5   18   33   13    6    9  107   10   14    1    2    8
     1    3    0    3    9    5   96   18    2    4    0    0    0    1]
 [  20   24   56  113   64   18   30   18   10  151   66   23    4    6
     5    6    3    5    6    7  208   10    1    5    2    9   44   16]
 [  28   32   79  168  114   27   57   31   13   64  353   25   16    9
    10    6    0    7    6    2  379    9    1   23    1    5   19    8]
 [  10   21   68   99   38    4   12    6    3   22   35  119    7    2
    11    1    1    3    3    1  112    3    0    6    0    0    6    3]
 [   4   17   19   36   15    7    9    5    2   10    8   13   44    2
     3    2    0    1    3    2   70    2    0    3    0    2    5    5]
 [  88   30   15   22   39    8    6   19   13    8    6    1    0  136
     4   12    0   35   10    1  117   11    1    7    2    0    4   25]
 [   5    7   15   28   23    7    6   10    2   18   10   16    1    0
   103    2    2    0    0    4   65    3    1    4    0    0   11    2]
 [ 112    7    5   19   22   16    5    8    7   11    7    2    1   12
     0  994    0   21    7    0   53   13    2    2    4   13    1    2]
 [   1    0    4    2    1    2    1    1    1    5    1    5    0    0
     2    1    4    1    0    2   13    0    0    2    0    2    7    1]
 [ 127   99    1   17   55   17    3    7   12   10   12    1    3   45
     3   25    1  214   41    0  142   16    6    8    8    0    4    7]
 [ 119   22    5   14   56   23    9    7   14    5   13    2    0   18
     1    8    1   45  517    0   94    6    0    2    4    1    1    0]
 [   3    4    9   10   18   11    8    3    0   13    3    1    6    2
    13    0    0    1    0   18   38    1    0    2    0    1    2    2]
 [ 511  362  446  733 1081  260  405  393  144  318  518  119   52  156
    78   85   26  131  124   29 4768   93   17  116   17   14   87   88]
 [  63   23   14   34   80   35   14   13   52   16   28    4    3   10
     8   18    1   10   10    1  238  198    2    4    1    1    1    2]
 [  30    4    6    7   16    2    2    0    1    3    1    2    1    5
     0    3    0    8    1    0   39    4    6    1    0    0    1    1]
 [  36   32   25   74  123   14   32   16   13   48   47    6    9    4
     8    4    2   12    5    4  307    7    5   74    1    3    6   21]
 [  10    5    2    5   21    7    1    2    1    3    5    2    0    1
     0   10    0    9    1    0   39    4    1    0   22    0    2    0]
 [   5    5   11   17   11   13    6    3    4   21   13    0   14    0
     2   10    5    2    2    2   43    2    0    9    1   85   32    1]
 [  10   12   22   57   46   24    8   15    8   76   40   15    9    1
     8    6   13    4    6   10  169    6    0   13    0   40  152    1]
 [  50   21   31   24   36    3   31   44    5   19   18    4    9   35
     7    1    1    7    3    0  157    8    1   14    2    0    5  158]]
For sentiments : 
              precision    recall  f1-score   support
   ambiguous       0.35      0.49      0.41      3846
    negative       0.51      0.59      0.55      7783
     neutral       0.51      0.47      0.49     11041
    positive       0.71      0.59      0.64     11694
    accuracy                           0.54     34364
   macro avg       0.52      0.54      0.52     34364
weighted avg       0.56      0.54      0.55     34364
Confusion Matrix: 
 [[1879  631  898  438]
 [ 927 4616 1486  754]
 [1643 2519 5211 1668]
 [ 894 1315 2570 6915]]
 
 Using a better performing Decision Tree found using GridSearchCV. 
For emotions : 
                precision    recall  f1-score   support
    admiration       0.38      0.23      0.29      2097
     amusement       0.58      0.34      0.43      1259
         anger       0.00      0.00      0.00      1032
     annoyance       0.00      0.00      0.00      1652
      approval       1.00      0.00      0.00      2232
        caring       0.12      0.00      0.01       691
     confusion       0.17      0.00      0.00      1008
     curiosity       0.18      0.00      0.00      1153
        desire       0.43      0.23      0.30       402
disappointment       0.00      0.00      0.00       956
   disapproval       0.00      0.00      0.00      1539
       disgust       1.00      0.00      0.00       596
 embarrassment       1.00      0.00      0.00       293
    excitement       0.15      0.01      0.02       597
          fear       1.00      0.00      0.00       365
     gratitude       0.87      0.72      0.79      1424
         grief       1.00      0.00      0.00        65
           joy       0.39      0.22      0.28       923
          love       0.58      0.61      0.60       984
   nervousness       1.00      0.00      0.00       161
       neutral       0.36      0.93      0.52     11012
      optimism       0.47      0.25      0.33       905
         pride       1.00      0.00      0.00       145
   realization       1.00      0.00      0.00       944
        relief       0.50      0.01      0.02       175
       remorse       0.36      0.50      0.42       282
       sadness       0.31      0.01      0.01       776
      surprise       0.20      0.00      0.00       696
      accuracy                           0.39     34364
     macro avg       0.50      0.15      0.14     34364
  weighted avg       0.41      0.39      0.27     34364
Confusion Matrix: 
 [[  487    10     0     0     0     0     0     0     5     0     0     0
      0     4     0    16     0    29    71     0  1456    18     0     0
      0     1     0     0]
 [   31   427     0     0     0     0     1     0     2     0     0     0
      0     0     0     8     0     8     5     0   773     2     0     0
      0     2     0     0]
 [    8     6     0     0     0     0     0     0     1     0     0     0
      0     0     0     5     0     4     8     0   990     4     0     0
      0     6     0     0]
 [   30    21     0     0     0     0     0     1     3     0     0     0
      0     0     0     9     0     5    13     0  1557     5     0     0
      0     8     0     0]
 [  101    14     0     0     0     1     0     0     9     1     0     0
      0     0     0     7     0    15    31     0  2025    24     0     0
      0     4     0     0]
 [   22     4     0     0     0     2     0     0     5     0     0     0
      0     0     0     3     0    15     9     0   577    35     0     0
      0    18     1     0]
 [   14    10     0     0     0     0     1     1     1     0     0     0
      0     0     0     1     0     4    12     0   960     2     0     0
      0     2     0     0]
 [   22     8     0     0     0     0     0     2     1     0     0     0
      0     0     0     5     0     8     7     0  1095     3     0     0
      0     2     0     0]
 [    9     4     0     0     0     0     0     1    91     0     0     0
      0     0     0     2     0     5    10     0   260    19     0     0
      0     1     0     0]
 [   33     8     0     0     0     0     0     0     5     0     0     0
      0     0     0     2     0     3     6     0   875     8     0     0
      0    16     0     0]
 [   32    16     0     0     0     1     0     1     5     0     0     0
      0     0     0     8     0    11    12     0  1432     9     0     0
      0    12     0     0]
 [    7     8     0     0     0     0     0     0     3     0     0     0
      0     0     0     1     0     3     2     0   563     5     0     0
      0     4     0     0]
 [    4     5     0     0     0     0     0     0     0     0     0     0
      0     0     0     2     0     0     0     0   270     1     0     0
      0    11     0     0]
 [   22     5     0     0     0     0     0     0     3     0     0     0
      0     6     0     1     0    30    17     0   506     5     0     0
      0     0     0     2]
 [    1     8     0     0     0     0     0     0     0     0     0     0
      0     0     0     0     0     0     2     0   352     0     0     0
      0     2     0     0]
 [   60     3     1     2     0     3     0     0     5     0     1     0
      0     3     0  1022     0    44     7     0   220    25     0     0
      2    25     1     0]
 [    2     0     0     0     0     0     0     0     0     0     0     0
      0     0     0     0     0     0     1     0    58     0     0     0
      0     4     0     0]
 [   57    29     0     1     0     0     0     0     4     1     0     0
      0    16     0     6     0   203    56     0   540     8     0     0
      0     2     0     0]
 [    8    17     0     0     0     1     2     2     3     0     0     0
      0     3     0     5     0     6   605     0   327     5     0     0
      0     0     0     0]
 [    1     0     0     0     0     0     0     0     0     0     0     0
      0     0     0     2     0     0     1     0   155     1     0     0
      0     1     0     0]
 [  222   114     1     0     0     4     1     0    32     0     0     0
      0     5     0    49     0    71   130     0 10285    56     0     0
      0    39     1     2]
 [   43     6     0     0     0     3     1     0    23     1     0     0
      0     2     0     2     0    16    16     0   561   228     0     0
      0     3     0     0]
 [   15     0     0     0     0     0     0     0     0     0     0     0
      0     0     0     0     0    12     0     0   117     1     0     0
      0     0     0     0]
 [   16     8     0     0     0     0     0     0     4     0     0     0
      0     0     0     4     0     3     6     0   893     5     0     0
      0     4     1     0]
 [   14     0     0     0     0     0     0     0     0     0     0     0
      0     0     0    12     0    20     0     0   125     2     0     0
      2     0     0     0]
 [    1     0     1     0     0     1     0     2     1     0     0     0
      0     0     0     0     0     1     2     0   127     0     0     0
      0   141     5     0]
 [   15     5     0     0     0     1     0     1     6     0     0     0
      0     0     0     0     0     2     5     0   651     7     0     0
      0    79     4     0]
 [    7     3     0     0     0     0     0     0     1     0     0     0
      0     2     0     2     0     2     6     0   668     4     0     0
      0     0     0     1]]
For sentiments : 
              precision    recall  f1-score   support
   ambiguous       0.57      0.01      0.01      3757
    negative       0.63      0.05      0.08      7667
     neutral       0.37      0.94      0.53     11136
    positive       0.78      0.34      0.48     11804
    accuracy                           0.43     34364
   macro avg       0.59      0.33      0.28     34364
weighted avg       0.59      0.43      0.35     34364
Confusion Matrix: 
 [[   28    27  3539   163]
 [    4   349  6972   342]
 [    6    67 10460   603]
 [   11   114  7653  4026]]
 
 
 
